Date;Close;Volume;SMA_20;Rendement Journalier(%);rendement en proportion;Facteur_Croissance;Indice_Croissance;Volatilité sur 20j
2024-07-26 00:00:00-04:00;216.9454345703125;41601300;0.0;0.0;;;;
2024-07-29 00:00:00-04:00;217.22412109375;36311800;0.0;0.12845927087125544;0.0012845927087125546;1.0012845927087126;1.0012845927087126;
2024-07-30 00:00:00-04:00;217.78150939941406;41643800;0.0;0.25659595391964035;0.0025659595391964033;1.0025659595391965;1.003853848460824;
2024-07-31 00:00:00-04:00;221.04623413085938;50036300;0.0;1.4990826082749595;0.014990826082749596;1.0149908260827496;1.018902446915599;
2024-08-01 00:00:00-04:00;217.34356689453125;62501000;0.0;-1.6750646084909757;-0.016750646084909757;0.9832493539150903;1.0018351726322672;
2024-08-02 00:00:00-04:00;218.83656311035156;105568600;0.0;0.6869291036089455;0.006869291036089456;1.0068692910360895;1.008717070003269;
2024-08-05 00:00:00-04:00;208.29586791992188;119548600;0.0;-4.81669746618822;-0.048166974661882196;0.9518330253381178;0.9601302204514135;
2024-08-06 00:00:00-04:00;206.26536560058594;69660500;0.0;-0.9748164184018054;-0.009748164184018054;0.990251835815982;0.9507707134244157;
2024-08-07 00:00:00-04:00;208.84332275390625;63516400;0.0;1.2498255079392684;0.012498255079392685;1.0124982550793926;0.9626536883228101;
2024-08-08 00:00:00-04:00;212.31704711914062;47161100;0.0;1.6633159822532089;0.01663315982253209;1.016633159822532;0.9786656609744333;
2024-08-09 00:00:00-04:00;215.23342895507812;42201600;0.0;1.3735975869620056;0.013735975869620056;1.01373597586962;0.9921085888780039;
2024-08-12 00:00:00-04:00;216.7680206298828;38028100;0.0;0.7129894655560106;0.0071298946555601065;1.00712989465556;0.9991822186035804;
2024-08-13 00:00:00-04:00;220.4949493408203;44155300;0.0;1.7193166686247443;0.017193166686247444;1.0171931666862475;1.0163613250379664;
2024-08-14 00:00:00-04:00;220.94334411621094;41960600;0.0;0.20335829765313063;0.0020335829765313063;1.0020335829765312;1.0184281801265682;
2024-08-15 00:00:00-04:00;223.932861328125;46414000;0.0;1.3530695952269318;0.013530695952269318;1.0135306959522694;1.0322082221810838;
2024-08-16 00:00:00-04:00;225.25819396972656;44340200;0.0;0.5918437489438297;0.0059184374894382975;1.0059184374894383;1.0383172820201467;
2024-08-19 00:00:00-04:00;225.0987548828125;40687800;0.0;-0.07078059363979905;-0.0007078059363979906;0.999292194063602;1.0375823548840684;
2024-08-20 00:00:00-04:00;225.71656799316406;30299000;0.0;0.27446313982198567;0.002744631398219857;1.0027446313982198;1.040430135993522;
2024-08-21 00:00:00-04:00;225.60696411132812;34765500;0.0;-0.048558190836596855;-0.00048558190836596856;0.999514418091634;1.0399249219425648;
2024-08-22 00:00:00-04:00;223.74349975585938;43695300;218.38478088378906;-0.8259782063062574;-0.008259782063062574;0.9917402179369375;1.031335368725372;
2024-08-23 00:00:00-04:00;226.04542541503906;38677300;218.83978042602538;1.028823479426872;0.01028823479426872;1.0102882347942688;1.0419459891504523;0.014964256260732264
2024-08-26 00:00:00-04:00;226.3842315673828;30602200;219.29778594970702;0.14988410038454547;0.0014988410038454547;1.0014988410038455;1.0435077005227833;0.014963669594994908
2024-08-27 00:00:00-04:00;227.23126220703125;35934600;219.7702735900879;0.37415620062580224;0.0037415620062580222;1.003741562006258;1.047412049288297;0.014967592187404932
2024-08-28 00:00:00-04:00;225.6966552734375;38052200;220.0027946472168;-0.6753502659310865;-0.006753502659310865;0.9932464973406891;1.0403383492280343;0.0147807873665452
2024-08-29 00:00:00-04:00;228.98509216308594;51906300;220.58487091064453;1.4570162263434558;0.014570162263434558;1.0145701622634347;1.0554962477851604;0.014439998324147352
2024-08-30 00:00:00-04:00;228.19784545898438;52990800;221.05293502807618;-0.34379823448981384;-0.0034379823448981383;0.9965620176551019;1.0518674703201687;0.014467767295477708
2024-09-03 00:00:00-04:00;221.98968505859375;50190600;221.73762588500978;-2.7205166586493745;-0.027205166586493745;0.9727948334135063;1.0232512405631948;0.010961564134538632
2024-09-04 00:00:00-04:00;220.076416015625;43840200;222.4281784057617;-0.861872948044296;-0.00861872948044296;0.991381270519557;1.014432114930253;0.010893797741462383
2024-09-05 00:00:00-04:00;221.60105895996094;36615400;223.06606521606446;0.6927788865062628;0.006927788865062628;1.0069277888650627;1.021459886440429;0.010716072463461691
2024-09-06 00:00:00-04:00;220.0465087890625;48423000;223.45253829956056;-0.7015084576736228;-0.007015084576736228;0.9929849154232637;1.014294258945306;0.010436414665822517
2024-09-09 00:00:00-04:00;220.13619995117188;67180000;223.69767684936522;0.04076009321981715;0.00040760093219817145;1.0004076009321983;1.0147076862307753;0.010055505483550048
2024-09-10 00:00:00-04:00;219.3389892578125;51591000;223.82622528076172;-0.36214429681997024;-0.003621442968199702;0.9963785570318003;1.0110329802156968;0.010007673865258915
2024-09-11 00:00:00-04:00;221.8800811767578;44587100;223.8954818725586;1.158522671935219;0.011585226719352191;1.0115852267193521;1.022746026512238;0.009589213098750474
2024-09-12 00:00:00-04:00;221.98968505859375;37455600;223.94779891967772;0.04939780139553088;0.0004939780139553088;1.0004939780139552;1.023251240563195;0.009581222650518136
2024-09-13 00:00:00-04:00;221.72061157226562;36766600;223.83718643188476;-0.12120990498144253;-0.0012120990498144253;0.9987879009501855;1.022010958706787;0.009061130712751973
2024-09-16 00:00:00-04:00;215.56227111816406;59357400;223.35239028930664;-2.777522761835955;-0.02777522761835955;0.9722247723816404;0.993624371700248;0.01078217706671466
2024-09-17 00:00:00-04:00;216.03062438964844;45519300;222.89898376464845;0.21727052190299076;0.0021727052190299075;1.00217270521903;0.9957832245583964;0.010821505843925055
2024-09-18 00:00:00-04:00;219.91696166992188;59894900;222.60900344848633;1.7989751644025058;0.017989751644025057;1.017989751644025;1.0136971174594884;0.011676297214676331
2024-09-19 00:00:00-04:00;228.0683135986328;66781300;222.73207092285156;3.7065589970024586;0.037065589970024584;1.0370655899700245;1.0512703991690375;0.014484627612458164
2024-09-20 00:00:00-04:00;227.40065002441406;318679900;222.9149284362793;-0.2927471877543415;-0.002927471877543415;0.9970725281224566;1.0481928346397764;0.014360693321398358
2024-09-23 00:00:00-04:00;225.67672729492188;54146000;222.89649353027343;-0.7580992971247464;-0.007580992971247464;0.9924190070287525;1.0402464921278602;0.014302182022664972
2024-09-24 00:00:00-04:00;226.57354736328125;43556100;222.90595932006835;0.3973914719116698;0.003973914719116698;1.0039739147191167;1.0443803429744367;0.014326382289903513
2024-09-25 00:00:00-04:00;225.57705688476562;42308700;222.82324905395507;-0.4398088347524003;-0.004398088347524003;0.995601911652476;1.0397870659576178;0.014334268573782578
2024-09-26 00:00:00-04:00;226.72303771972656;36636700;222.87456817626952;0.5080218931778835;0.005080218931778835;1.005080218931779;1.0450694118951145;0.01429665512527084
2024-09-27 00:00:00-04:00;226.99208068847656;34026000;222.77491760253906;0.11866591567222606;0.0011866591567222607;1.0011866591567222;1.0463095530821502;0.013902518861584163
2024-09-30 00:00:00-04:00;232.183837890625;54541900;222.9742172241211;2.2871975032792418;0.022871975032792417;1.0228719750327924;1.0702407190568173;0.014809660021182886
2024-10-01 00:00:00-04:00;225.4176483154297;63285000;223.1456153869629;-2.9141518361767567;-0.029141518361767565;0.9708584816382324;1.0390522794909116;0.015008542893596724
2024-10-02 00:00:00-04:00;225.9856414794922;32880600;223.44107666015626;0.2519736889756299;0.002519736889756299;1.0025197368897563;1.0416704178499303;0.014843536752291558
2024-10-03 00:00:00-04:00;224.8795166015625;34044200;223.60499954223633;-0.48946688412947975;-0.004894668841294797;0.9951053311587053;1.0365717861127817;0.014848484094991477
2024-10-04 00:00:00-04:00;226.00555419921875;37245100;223.90295181274413;0.5007292859186208;0.005007292859186207;1.0050072928591862;1.041762204615418;0.014756858074664191
2024-10-07 00:00:00-04:00;220.91346740722656;39505400;223.9418151855469;-2.2530803767342946;-0.022530803767342945;0.977469196232657;1.0182904648109934;0.015702437980617944
2024-10-08 00:00:00-04:00;224.9791717529297;31855700;224.22382431030275;1.8404058355611719;0.018404058355611718;1.0184040583556118;1.037031141948338;0.016178584964955067
2024-10-09 00:00:00-04:00;228.7359619140625;33591100;224.56661834716797;1.6698390930421279;0.01669839093042128;1.0166983909304212;1.0543478933636126;0.016387152286262197
2024-10-10 00:00:00-04:00;228.23770141601562;28183500;224.87901916503907;-0.21783216503318115;-0.0021783216503318114;0.9978216783496682;1.052051184520517;0.016407956911816117
2024-10-11 00:00:00-04:00;226.75294494628906;31759200;225.13063583374023;-0.6505307670533594;-0.006505307670533594;0.9934946923294664;1.0452072678800617;0.016496736161935928
2024-10-14 00:00:00-04:00;230.48980712890625;39882100;225.87701263427735;1.647988379380183;0.01647988379380183;1.0164798837938018;1.0624321621951622;0.01532472350496572
2024-10-15 00:00:00-04:00;233.03086853027344;64751400;226.7270248413086;1.102461507092175;0.011024615070921751;1.0110246150709217;1.074145067822331;0.015413019088745702
2024-10-16 00:00:00-04:00;230.96812438964844;34082200;227.27958297729492;-0.8851806430773465;-0.008851806430773464;0.9911481935692266;1.0646369436033978;0.015290373590890041
2024-10-17 00:00:00-04:00;231.33682250976562;32993800;227.44300842285156;0.15963160331820742;0.0015963160331820742;1.001596316033182;1.0663364406259899;0.012957158232640546
2024-10-18 00:00:00-04:00;234.1768341064453;46431500;227.7818176269531;1.2276522024762397;0.012276522024762399;1.0122765220247625;1.0794273434251416;0.013171703605102053
2024-10-21 00:00:00-04:00;235.65164184570312;36254500;228.2805633544922;0.6297837891972855;0.006297837891972855;1.006297837891973;1.086225401850196;0.01303005580501446
2024-10-22 00:00:00-04:00;235.03382873535156;38846600;228.7035774230957;-0.2621722070394426;-0.002621722070394426;0.9973782779296055;1.0833776207407422;0.0130674295759349
2024-10-23 00:00:00-04:00;229.95167541503906;52287000;228.92230834960938;-2.1623071655931763;-0.02162307165593176;0.9783769283440682;1.0599516688170323;0.014037138646544664
2024-10-24 00:00:00-04:00;229.7623748779297;31109500;229.07427520751952;-0.08232187774570768;-0.0008232187774570768;0.9991767812225429;1.0590790967000652;0.014010080137123172
2024-10-25 00:00:00-04:00;230.59942626953125;38802300;229.25464248657227;0.36431177735096054;0.0036431177735096053;1.0036431177735097;1.0629374465808057;0.01402478058895112
2024-10-28 00:00:00-04:00;232.5824432373047;36087100;229.27457275390626;0.8599401134049788;0.008599401134049788;1.0085994011340498;1.0720780720643566;0.013184963894190042
2024-10-29 00:00:00-04:00;232.85150146484375;35417200;229.64626541137696;0.11568294828881019;0.001156829482888102;1.001156829482888;1.0733182835860784;0.011236692499263555
2024-10-30 00:00:00-04:00;229.29400634765625;47070900;229.81168365478516;-1.5277956529409005;-0.015277956529409005;0.984722043470591;1.0569201735072304;0.01185474538057151
2024-10-31 00:00:00-04:00;225.11868286132812;64370100;229.82364196777343;-1.820947504400742;-0.01820947504400742;0.9817905249559926;1.0376742119842426;0.012544800143553097
2024-11-01 00:00:00-04:00;222.1291961669922;65276700;229.62982406616212;-1.3279602813674265;-0.013279602813674265;0.9867203971863258;1.0238943105990994;0.012833567642289084
2024-11-04 00:00:00-05:00;221.23233032226562;44944500;229.64576721191406;-0.40375865046228193;-0.004037586504622819;0.9959624134953772;1.0197602487484645;0.011809793121007897
2024-11-05 00:00:00-05:00;222.66729736328125;28111300;229.53017349243163;0.6486244749695179;0.00648624474969518;1.0064862447496952;1.026374663307857;0.01112018855858844
2024-11-06 00:00:00-05:00;221.93984985351562;54561100;229.19036788940429;-0.32669705806811666;-0.003266970580681167;0.9967330294193189;1.0230215274780736;0.010369878449289827
2024-11-07 00:00:00-05:00;226.6831817626953;42137700;229.11264190673828;2.1372150662940315;0.021372150662940313;1.0213721506629403;1.0448856976947662;0.01155310664206878
2024-11-08 00:00:00-05:00;226.41383361816406;38328800;229.09568634033204;-0.1188214063508332;-0.001188214063508332;0.9988117859364917;1.0436441498140065;0.011463095851200084
2024-11-11 00:00:00-05:00;223.69039916992188;42005600;228.7557159423828;-1.2028569123718507;-0.012028569123718507;0.9879714308762815;1.0310906040174044;0.01107013230102758
2024-11-12 00:00:00-05:00;223.69039916992188;40398300;228.28869247436523;0.0;0.0;1.0;1.0310906040174044;0.010684686666521745
2024-11-13 00:00:00-05:00;224.5782470703125;48566200;227.96919860839844;0.39690925658199094;0.00396909256581991;1.00396909256582;1.0351830980684966;0.010635763270261509
2024-11-14 00:00:00-05:00;227.67079162597656;44923900;227.785897064209;1.3770454601045252;0.013770454601045253;1.0137704546010453;1.0494380399242182;0.01114912450380882
2024-11-15 00:00:00-05:00;224.4585418701172;47923700;227.29998245239258;-1.410918692256555;-0.014109186922565551;0.9858908130774344;1.0346313224552766;0.011088856124292392
2024-11-18 00:00:00-05:00;227.4712677001953;44633700;226.89096374511718;1.3422192824461265;0.013422192824461264;1.0134221928244613;1.0485183435674987;0.011478991876819326
2024-11-19 00:00:00-05:00;227.73065185546875;36211800;226.52580490112305;0.1140294147458232;0.001140294147458232;1.0011402941474583;1.0497139628981715;0.011493946314803
2024-11-20 00:00:00-05:00;228.44891357421875;35169600;226.45066680908204;0.31539966750099635;0.0031539966750099633;1.00315399667501;1.053024757246864;0.01050522577869264
2024-11-21 00:00:00-05:00;227.97007751464844;42108300;226.36105194091797;-0.20960312398892092;-0.002096031239889209;0.9979039687601108;1.050817584459298;0.010512572225762675
2024-11-22 00:00:00-05:00;229.3168182373047;38168300;226.29692153930665;0.5907532854041837;0.005907532854041837;1.0059075328540419;1.0570253238630962;0.010569755292744348
2024-11-25 00:00:00-05:00;232.30960083007812;90152800;226.2832794189453;1.3050863934787402;0.013050863934787401;1.0130508639347875;1.070820417540458;0.010809521632270966
2024-11-26 00:00:00-05:00;234.49432373046875;45986200;226.36542053222655;0.9404359064732032;0.009404359064732032;1.0094043590647321;1.080890797240855;0.011011536446117274
2024-11-27 00:00:00-05:00;234.36463928222656;33498400;226.61895217895508;-0.05530387524060016;-0.0005530387524060016;0.999446961247594;1.0802930227428618;0.010381722885246662
2024-11-29 00:00:00-05:00;236.7588653564453;28481400;227.20096130371093;1.0215816180936645;0.010215816180936645;1.0102158161809367;1.0913290976847514;0.009500922926522297
2024-12-02 00:00:00-05:00;239.013427734375;48137100;228.04517288208007;0.9522610165137418;0.009522610165137418;1.0095226101651373;1.1017213992438744;0.008844760507295976
2024-12-03 00:00:00-05:00;242.06607055664062;38861000;229.08685989379882;1.2771846549383605;0.012771846549383604;1.0127718465493836;1.1157924158951893;0.00886874362411434
2024-12-04 00:00:00-05:00;242.42520141601562;44383900;230.07475509643555;0.14836067630178992;0.0014836067630178992;1.001483606763018;1.1174478130695356;0.008881716192924605
2024-12-05 00:00:00-05:00;242.4551239013672;40033900;231.10051879882812;0.012342976380666707;0.00012342976380666707;1.0001234297638066;1.117585739389169;0.008761284793722873
2024-12-06 00:00:00-05:00;242.25559997558594;36870600;231.87913970947267;-0.0822931363836295;-0.000822931363836295;0.9991770686361637;1.1166660430324495;0.007867304785567776
2024-12-09 00:00:00-05:00;246.1562042236328;44649200;232.8662582397461;1.6101193319947902;0.0161011933199479;1.016101193319948;1.1346456988651363;0.00828062978063654
2024-12-10 00:00:00-05:00;247.1737518310547;36914800;234.04042587280273;0.41337475552614283;0.004133747555261428;1.0041337475552614;1.139336037748908;0.007347372177960326
2024-12-11 00:00:00-05:00;245.89683532714844;45205800;235.15074768066407;-0.5166068380832901;-0.005166068380832901;0.9948339316191671;1.1334501498691498;0.007619272425447618
2024-12-12 00:00:00-05:00;247.36329650878906;32777500;236.29000015258788;0.5963725314681669;0.005963725314681669;1.0059637253146816;1.1402097352208542;0.007621274895737627
2024-12-13 00:00:00-05:00;247.5328826904297;33155300;237.28310470581056;0.06855753623682787;0.0006855753623682786;1.0006855753623682;1.1409914349232542;0.007374734597040229
2024-12-16 00:00:00-05:00;250.43588256835938;51694800;238.58197174072265;1.172773429686207;0.01172773429686207;1.011727734296862;1.1543726793070295;0.00615821608414366
2024-12-17 00:00:00-05:00;252.8699951171875;51356400;239.85190811157227;0.9719503945939959;0.00971950394593996;1.00971950394594;1.1655926091186393;0.0059602612747068
2024-12-18 00:00:00-05:00;247.4530792236328;56774100;240.83802947998046;-2.142174238997524;-0.02142174238997524;0.9785782576100248;1.1406235845144408;0.008420904562751817
2024-12-19 00:00:00-05:00;249.1888885498047;60882300;241.87502822875976;0.701470085406841;0.00701470085406841;1.0070147008540684;1.1486247177469049;0.008440006861290567
2024-12-20 00:00:00-05:00;253.87759399414062;147495300;243.17040405273437;1.8815868844002726;0.018815868844002725;1.0188158688440028;1.1702370897870102;0.008878366689122239
2024-12-23 00:00:00-05:00;254.6557159423828;40858800;244.43734893798828;0.30649492773282944;0.0030649492773282944;1.0030649492773283;1.1738238071096556;0.008893126223600743
2024-12-24 00:00:00-05:00;257.57867431640625;23234700;245.7008026123047;1.1478078798297118;0.011478078798297119;1.011478078798297;1.1872970492629773;0.00882761646571428
2024-12-26 00:00:00-05:00;258.39666748046875;27237100;246.8959197998047;0.31757022052908307;0.0031757022052908306;1.0031757022052907;1.191067551120657;0.008781723146256
2024-12-27 00:00:00-05:00;254.9749298095703;42355300;247.9264343261719;-1.324218963140101;-0.01324218963140101;0.986757810368599;1.175295208744909;0.009615368145095267
2024-12-30 00:00:00-05:00;251.59307861328125;35557500;248.66814498901368;-1.3263465544690296;-0.013263465544690297;0.9867365344553097;1.1597067212388812;0.010262419615085755
2024-12-31 00:00:00-05:00;249.81736755371094;39480700;249.20834197998047;-0.7057869275886254;-0.0070578692758862535;0.9929421307241137;1.1515216628020104;0.010384685734346493
2025-01-02 00:00:00-05:00;243.26319885253906;55740700;249.2681983947754;-2.6235840867880103;-0.026235840867880104;0.9737641591321199;1.12131052370082;0.011864940424596166
2025-01-03 00:00:00-05:00;242.7743682861328;40244100;249.28565673828126;-0.20094719164758193;-0.0020094719164758194;0.9979905280835242;1.1190572816937945;0.011872522624288532
2025-01-06 00:00:00-05:00;244.41041564941406;45045600;249.3834213256836;0.6738962497692556;0.006738962497692556;1.0067389624976926;1.1265985667478988;0.011963864477732851
2025-01-07 00:00:00-05:00;241.62713623046875;40856000;249.35199813842775;-1.138772834844195;-0.01138772834844195;0.9886122716515581;1.1137691683120297;0.012253679333589878
2025-01-08 00:00:00-05:00;242.11595153808594;37628900;249.14998550415038;0.20230149446084805;0.0020230149446084805;1.0020230149446085;1.1160223399843692;0.011666856569793303
2025-01-10 00:00:00-05:00;236.28004455566406;61710900;248.60530014038085;-2.4103769063327745;-0.024103769063327743;0.9758962309366722;1.0891219952318711;0.012705550656344497
2025-01-13 00:00:00-05:00;233.83592224121094;49630700;248.00225448608398;-1.0344175781113525;-0.010344175781113525;0.9896558242188864;1.0778559258661156;0.012821954488142703
2025-01-14 00:00:00-05:00;232.71861267089844;39435300;247.27002029418946;-0.47781776196043624;-0.004778177619604362;0.9952218223803957;1.0727057388039842;0.012675867952570245
2025-01-15 00:00:00-05:00;237.2975616455078;39832000;246.75825424194335;1.9675903538857658;0.019675903538857658;1.0196759035388576;1.0938121934462703;0.013638794650540964
2025-01-16 00:00:00-05:00;227.710693359375;71759100;245.62199478149415;-4.040019720242371;-0.04040019720242371;0.9595998027975763;1.0496219651286254;0.015698539592236504
2025-01-17 00:00:00-05:00;229.4265594482422;68488300;244.44982299804687;0.7535289904717793;0.0075352899047177934;1.0075352899047179;1.0575311709262292;0.01560077560708313
2025-01-21 00:00:00-05:00;222.10421752929688;98070400;243.18237991333007;-3.191584242275667;-0.03191584242275667;0.9680841575772433;1.0237791727177943;0.016349989628537384
2025-01-22 00:00:00-05:00;223.29136657714844;64126500;241.88750381469725;0.5345009028002677;0.005345009028002678;1.0053450090280027;1.029251281638652;0.016288156633310107
2025-01-23 00:00:00-05:00;223.1217803955078;60234800;240.34971313476564;-0.07594838270741293;-0.0007594838270741293;0.9992405161729259;1.0284695819362522;0.015319275857938942
2025-01-24 00:00:00-05:00;222.24388122558594;54697900;238.72912139892577;-0.39346188810689053;-0.003934618881068905;0.9960653811189311;1.0244229461005607;0.015172766821856507
2025-01-27 00:00:00-05:00;229.30685424804688;94863400;237.3155303955078;3.178028111960371;0.03178028111960371;1.0317802811196037;1.056979395313009;0.017017993834931334
2025-01-28 00:00:00-05:00;237.68663024902344;75707600;236.28002853393554;3.654394033905307;0.03654394033905307;1.036543940339053;1.0956055872749362;0.01939875637571616
2025-01-29 00:00:00-05:00;238.7839813232422;45486100;235.47048110961913;0.46167976426316415;0.004616797642631641;1.0046167976426317;1.1006637765675211;0.019361427902576816
2025-01-30 00:00:00-05:00;237.0182342529297;55658300;234.74173889160156;-0.7394746751969956;-0.007394746751969957;0.9926052532480301;1.0925246466807375;0.019243343904570016
2025-01-31 00:00:00-05:00;235.4320831298828;100959800;234.02247467041016;-0.6692105896604743;-0.006692105896604743;0.9933078941033953;1.0852133560504993;0.019239260914973907
2025-02-03 00:00:00-05:00;227.46128845214844;73063300;233.2323791503906;-3.385602578785772;-0.03385602578785772;0.9661439742121423;1.048472344682726;0.019795533404482334
2025-02-04 00:00:00-05:00;232.23977661132812;45067300;232.70564956665038;2.1007918277860935;0.021007918277860936;1.0210079182778609;1.070498566016418;0.020522059883101806
2025-02-05 00:00:00-05:00;231.91058349609375;39620300;232.08065795898438;-0.1417470857222301;-0.001417470857222301;0.9985825291427777;1.0689811654963914;0.020419731049946557
2025-02-06 00:00:00-05:00;232.6587677001953;29925300;231.6322395324707;0.3226175333710739;0.003226175333710739;1.0032261753337108;1.0724298861647175;0.02034337581841842
2025-02-07 00:00:00-05:00;227.08221435546875;39707200;230.88055267333985;-2.3968808052454413;-0.023968808052454414;0.9760311919475456;1.0467250200735199;0.020915715591639867
2025-02-10 00:00:00-05:00;227.3518524169922;33115600;230.43414306640625;0.11874028192333588;0.0011874028192333588;1.0011874028192334;1.0479679043133172;0.02032840837931549
2025-02-11 00:00:00-05:00;232.3153533935547;53718400;230.35811462402344;2.1831803540614256;0.021831803540614255;1.0218318035406142;1.0708469337171547;0.020876385330573757
2025-02-12 00:00:00-05:00;236.55978393554688;45243300;230.55017318725587;1.827012498309526;0.01827012498309526;1.0182701249830952;1.0904114410339314;0.021238627333332923
2025-02-13 00:00:00-05:00;241.21368408203125;53614100;230.74597930908203;1.9673251594414618;0.019673251594414617;1.0196732515944147;1.1118633796548203;0.021238504830828123
2025-02-14 00:00:00-05:00;244.2796630859375;40896200;231.57442779541014;1.271063462081024;0.012710634620810238;1.0127106346208103;1.125995868821872;0.018986044276922402
2025-02-18 00:00:00-05:00;244.14984130859375;48822500;232.31059188842772;-0.05314473407394489;-0.0005314473407394489;0.9994685526592606;1.125397461311703;0.018985728671565113
2025-02-19 00:00:00-05:00;244.54930114746094;32204200;233.43284606933594;0.16361257362534565;0.0016361257362534564;1.0016361257362534;1.1272387530616694;0.017100255858534006
2025-02-20 00:00:00-05:00;245.508056640625;32316900;234.54368057250977;0.39204998283186343;0.003920499828318634;1.0039204998283187;1.1316580923995219;0.017101550829562554
2025-02-21 00:00:00-05:00;245.22842407226562;53197400;235.64901275634764;-0.11389954862813381;-0.0011389954862813382;0.9988610045137186;1.130369138940265;0.01710836145117857
2025-02-24 00:00:00-05:00;246.77639770507812;51326400;236.87563858032226;0.6312374426695057;0.006312374426695057;1.006312374426695;1.1375044521856368;0.016983678236161984
2025-02-25 00:00:00-05:00;246.71646118164062;48013300;237.74611892700196;-0.024287786026089088;-0.00024287786026089088;0.9997571221397391;1.1372281775382527;0.015835014479545988
2025-02-26 00:00:00-05:00;240.0452117919922;44433600;237.8640480041504;-2.7040147048545937;-0.027040147048545935;0.972959852951454;1.1064773603898683;0.015285125515825535
2025-02-27 00:00:00-05:00;236.98922729492188;41153600;237.77431030273436;-1.2730870465012372;-0.01273087046501237;0.9872691295349876;1.092390940442276;0.015535677456751726
2025-02-28 00:00:00-05:00;241.5232696533203;56833400;237.99956207275392;1.9131850042939027;0.019131850042939026;1.019131850042939;1.1132904001030828;0.016019466881665296
2025-03-03 00:00:00-05:00;237.71826171875;47184000;238.11387100219727;-1.5754208445554652;-0.01575420844555465;0.9842457915544454;1.0957513910794239;0.016374628104113702
2025-03-04 00:00:00-05:00;235.6210174560547;53798100;238.52185745239257;-0.8822394407277852;-0.008822394407277851;0.9911776055927222;1.086084240134998;0.014444268749696905
2025-03-05 00:00:00-05:00;235.4312744140625;47227600;238.6814323425293;-0.08052891208127314;-0.0008052891208127313;0.9991947108791873;1.085209628312131;0.013728388217234527
2025-03-06 00:00:00-05:00;235.0218048095703;45170400;238.8369934082031;-0.17392319924838734;-0.0017392319924838735;0.9982607680075162;1.0833221970080191;0.013731277767886043
2025-03-07 00:00:00-05:00;238.7569122314453;46273600;239.14190063476562;1.5892599518165658;0.015892599518165657;1.0158925995181656;1.1005390028342068;0.014137291470038067
2025-03-10 00:00:00-04:00;227.1820831298828;72071200;239.14689407348632;-4.8479556019480325;-0.04847955601948033;0.9515204439805197;1.0471853605946828;0.017185126968770587
2025-03-11 00:00:00-04:00;220.55078125;76137400;238.8068405151367;-2.9189369991345733;-0.02918936999134573;0.9708106300086543;1.0166186796547638;0.018390048451355633
2025-03-12 00:00:00-04:00;216.69583129882812;62547500;238.0258644104004;-1.7478740856520432;-0.01747874085652043;0.9825212591434795;0.9988494652031802;0.01787498125553061
2025-03-13 00:00:00-04:00;209.4053955078125;61368300;236.66814498901368;-3.3643636554142846;-0.03364363655414285;0.9663563634458572;0.9652445368235845;0.018338042456897054
2025-03-14 00:00:00-04:00;213.21041870117188;60107600;235.2679817199707;1.8170607228778006;0.018170607228778005;1.018170607228778;0.9827836161819296;0.018230446281993783
2025-03-17 00:00:00-04:00;213.71974182128906;48073400;233.73998565673827;0.2388828478551213;0.002388828478551213;1.0023888284785512;0.9851313176725184;0.01781450550885458
2025-03-18 00:00:00-04:00;212.4114532470703;42432400;232.1530662536621;-0.6121514854312016;-0.006121514854312016;0.993878485145688;0.9791008216779381;0.017759581967162427
2025-03-19 00:00:00-04:00;214.95811462402344;54385400;230.67350692749022;1.1989284654961276;0.011989284654961277;1.0119892846549612;0.9908395401349412;0.018164288907401505
2025-03-20 00:00:00-04:00;213.81961059570312;48862900;229.08908462524414;-0.5296399395350273;-0.005296399395350274;0.9947036006046497;0.9855916581936813;0.018008416446347326
2025-03-21 00:00:00-04:00;217.98414611816406;94127800;227.72687072753905;1.9476864216797087;0.019476864216797087;1.019476864216797;1.0047878930935275;0.018912601126669683
2025-03-24 00:00:00-04:00;220.44091796875;44299500;226.41009674072265;1.1270415277146713;0.011270415277146712;1.0112704152771468;1.016112269914141;0.019109797547028632
2025-03-25 00:00:00-04:00;223.45697021484375;34493600;225.24712219238282;1.3681907487435294;0.013681907487435294;1.0136819074874353;1.030014623987954;0.019557952734285497
2025-03-26 00:00:00-04:00;221.2398681640625;34466100;224.30685501098634;-0.9921829910472727;-0.009921829910472727;0.9900781700895273;1.0197949940834459;0.018894682617707406
2025-03-27 00:00:00-04:00;223.5568389892578;37094800;223.63523559570314;1.04726641017393;0.010472664101739299;1.0104726641017392;1.030474964509117;0.01903569469135845
2025-03-28 00:00:00-04:00;217.6146240234375;39818600;222.43980331420897;-2.6580331841719427;-0.026580331841719426;0.9734196681582806;1.0030845979978806;0.019015787962029976
2025-03-31 00:00:00-04:00;221.83909606933594;65299300;221.64584503173828;1.9412629389481901;0.019412629389481902;1.0194126293894819;1.022557107545111;0.019588681777979084
2025-04-01 00:00:00-04:00;222.897705078125;36412700;221.0096794128418;0.4771967734930698;0.004771967734930698;1.0047719677349307;1.0274367170694403;0.01962156585549995
2025-04-02 00:00:00-04:00;223.59678649902344;35905900;220.41795501708984;0.31363329678670826;0.003136332967867083;1.003136332967867;1.0306591007175823;0.019660154247189008
2025-04-03 00:00:00-04:00;202.9239044189453;103419000;218.81305999755858;-9.245607865732191;-0.09245607865732192;0.9075439213426781;0.9353684018327528;0.028138783613284115
2025-04-04 00:00:00-04:00;188.13330078125;125910900;216.28187942504883;-7.288743866843535;-0.07288743866843535;0.9271125613315646;0.8671917948117757;0.031187301418910192
2025-04-07 00:00:00-04:00;181.2223663330078;160466300;213.98389358520507;-3.673424332398124;-0.03673424332398124;0.9632657566760188;0.8353361604125998;0.030555814971634284
2025-04-08 00:00:00-04:00;172.19419860839844;120859500;211.566064453125;-4.98181759089247;-0.04981817590892469;0.9501818240910753;0.7937212366300792;0.031542305229434235
2025-04-09 00:00:00-04:00;198.58958435058594;184395900;210.6607521057129;15.328847287251243;0.15328847287251243;1.1532884728725123;0.915389552879586;0.048487739625194294
2025-04-10 00:00:00-04:00;190.17062377929688;121880000;209.69901351928712;-4.23937670186489;-0.042393767018648894;0.9576062329813511;0.8765827414435036;0.04881460112611853
2025-04-11 00:00:00-04:00;197.89048767089844;87435900;208.93301696777343;4.059440800152644;0.04059440800152644;1.0405944080015264;0.9121670988967576;0.04959483529809636
2025-04-14 00:00:00-04:00;202.25477600097656;101352900;208.35976867675782;2.205405818866923;0.02205405818866923;1.0220540581886692;0.9322840851736163;0.049892708765181044
2025-04-15 00:00:00-04:00;201.87527465820312;51343900;207.83295974731445;-0.18763529360196918;-0.0018763529360196918;0.9981236470639803;0.9305347911931963;0.04988150293964395
2025-04-16 00:00:00-04:00;194.0155792236328;59732400;206.78583297729492;-3.893342286655775;-0.03893342286655775;0.9610665771334422;0.8943058866756275;0.050458889001468665
2025-04-17 00:00:00-04:00;196.72203063964844;52164700;205.9309539794922;1.3949660263601942;0.013949660263601942;1.013949660263602;0.9067811499664918;0.050614877665749326
2025-04-21 00:00:00-04:00;192.9070281982422;46742500;204.6770980834961;-1.9392858181677155;-0.019392858181677155;0.9806071418183229;0.8891960717233736;0.050453416846615716
2025-04-22 00:00:00-04:00;199.47842407226562;52976400;203.62897338867188;3.406509309381045;0.03406509309381045;1.0340650930938105;0.9194866186852808;0.05109178508994037
2025-04-23 00:00:00-04:00;204.33206176757812;52929200;202.6727279663086;2.433164247153947;0.02433164247153947;1.0243316424715394;0.9418592383484957;0.05133823861481408
2025-04-24 00:00:00-04:00;208.09710693359375;47311000;202.01558990478514;1.842611058414443;0.01842611058414443;1.0184261105841443;0.9592140408290031;0.05153517277964056
2025-04-25 00:00:00-04:00;209.00592041015625;38222300;201.28804397583008;0.4367256661826217;0.004367256661826217;1.0043672566618262;0.9634031747389308;0.05147652087348979
2025-04-28 00:00:00-04:00;209.8647918701172;38743100;200.90055236816406;0.4109316416853052;0.004109316416853052;1.004109316416853;0.9673621032209339;0.05116591162022825
2025-04-29 00:00:00-04:00;210.9333953857422;36827600;200.3552673339844;0.5091866558952614;0.005091866558952614;1.0050918665589526;0.9722877819647225;0.05097095067847418
2025-04-30 00:00:00-04:00;212.22171020507812;52286500;199.82146759033202;0.6107685399838871;0.006107685399838871;1.006107685399839;0.9782262098550703;0.05098022069764739
2025-05-01 00:00:00-04:00;213.04063415527344;57365700;199.29365997314454;0.385881326375117;0.00385881326375117;1.0038588132637511;0.982001002128608;0.0509837471348656
2025-05-02 00:00:00-04:00;205.08106994628906;101010600;199.40151824951172;-3.736171853104367;-0.03736171853104367;0.9626382814689564;0.9453117570898761;0.047137593456847336
2025-05-05 00:00:00-04:00;198.62953186035156;69018500;199.92632980346679;-3.1458476823956327;-0.031458476823956326;0.9685415231760437;0.9155736890880508;0.044532984385014594
2025-05-06 00:00:00-04:00;198.25001525878906;51216500;200.77771224975587;-0.19106756080426293;-0.0019106756080426292;0.9980893243919574;0.9138243247729447;0.043542157825509985
2025-05-07 00:00:00-04:00;195.99298095703125;68536700;201.9676513671875;-1.1384787531095792;-0.011384787531095793;0.9886152124689042;0.9034206289946576;0.041791940562252695
2025-05-08 00:00:00-04:00;197.2313690185547;50478900;201.89974060058594;0.631853271212267;0.00631853271212267;1.0063185327121227;0.9091289217917667;0.023826353274441527
2025-05-09 00:00:00-04:00;198.27000427246094;36453900;202.30470962524413;0.5266075366584002;0.005266075366584002;1.005266075366584;0.9139164632118635;0.021655175375542058
2025-05-12 00:00:00-04:00;210.7899932861328;63775800;202.94968490600587;6.314615798599073;0.06314615798599073;1.0631461579859907;0.9716267765838377;0.024192048298657735
2025-05-13 00:00:00-04:00;212.92999267578125;51909300;203.4834457397461;1.0152281691776215;0.010152281691776215;1.0101522816917763;0.9814910053189894;0.023854059340383118
2025-05-14 00:00:00-04:00;212.3300018310547;49325800;204.00618209838868;-0.2817784555321622;-0.002817784555321622;0.9971822154446783;0.9787253751230144;0.02386478998197761
2025-05-15 00:00:00-04:00;211.4499969482422;45029500;204.87790298461914;-0.4144515024837123;-0.004144515024837123;0.9958554849751629;0.9746690331006277;0.02184552340676299
2025-05-16 00:00:00-04:00;211.25999450683594;54737900;205.60480117797852;-0.08985691376139295;-0.0008985691376139295;0.9991014308623861;0.9737932255880956;0.021760907163468655
2025-05-19 00:00:00-04:00;208.77999877929688;46140500;206.39844970703126;-1.1739069355408958;-0.011739069355408957;0.9882609306445911;0.9623617993750896;0.0213959266960671
2025-05-20 00:00:00-04:00;206.86000061035156;42496600;206.76752853393555;-0.9196274452395984;-0.009196274452395984;0.990803725547604;0.9535116561455346;0.020377791183103792
2025-05-21 00:00:00-04:00;202.08999633789062;59211800;206.65542526245116;-2.305909435553893;-0.02305909435553893;0.9769409056444611;0.9315245408973686;0.020401296971764377
2025-05-22 00:00:00-04:00;201.36000061035156;46742400;206.31856994628907;-0.36122308910260137;-0.0036122308910260135;0.996387769108974;0.9281596591749902;0.019922984932504075
2025-05-23 00:00:00-04:00;195.27000427246094;78432900;205.63177413940429;-3.024432021966109;-0.03024432021966109;0.9697556797803389;0.9000881012279304;0.020871012085946744
2025-05-27 00:00:00-04:00;200.2100067138672;56288500;205.1490348815918;2.529831686034813;0.02529831686034813;1.0252983168603482;0.9228588152150238;0.021779021858200617
2025-05-28 00:00:00-04:00;200.4199981689453;45339700;204.62336502075195;0.10488559414427126;0.0010488559414427126;1.0010488559414428;0.9238267611664749;0.02172716887426994
2025-05-29 00:00:00-04:00;199.9499969482422;51396800;204.00977935791016;-0.23450814539322293;-0.002345081453932229;0.9976549185460678;0.9216603121622171;0.021636390733510844
2025-05-30 00:00:00-04:00;200.85000610351562;70819900;203.40024795532227;0.4501171137834067;0.004501171137834067;1.004501171137834;0.9258088629582087;0.02164719804675099
2025-06-02 00:00:00-04:00;201.6999969482422;35423300;203.23119430541993;0.4231968229507982;0.004231968229507982;1.004231968229508;0.9297268566528448;0.020085833361578435
2025-06-03 00:00:00-04:00;203.27000427246094;46381600;203.46321792602538;0.7783873812460326;0.007783873812460326;1.0077838738124603;0.9369637331850859;0.01879213839609402
2025-06-04 00:00:00-04:00;202.82000732421875;43604000;203.69171752929688;-0.2213789239847786;-0.002213789239847786;0.9977862107601522;0.934889492954433;0.018795002828859438
2025-06-05 00:00:00-04:00;200.6300048828125;55126100;203.92356872558594;-1.0797763348393006;-0.010797763348393006;0.989202236651607;0.924794777452612;0.01877459078650643
2025-06-06 00:00:00-04:00;203.9199981689453;46607700;204.25800018310548;1.639831134956354;0.01639831134956354;1.0163983113495636;0.9399598501477303;0.01904873114486614
2025-06-09 00:00:00-04:00;201.4499969482422;72862600;204.41699981689453;-1.211259926874243;-0.012112599268742431;0.9878874007312576;0.9285744931541837;0.019279103819450943
2025-06-10 00:00:00-04:00;202.6699981689453;54672600;204.01100006103516;0.6056099474732558;0.0060560994747325585;1.0060560994747325;0.9341980326544248;0.012688386782051904
2025-06-11 00:00:00-04:00;198.77999877929688;60989900;203.30350036621093;-1.9193760422328232;-0.019193760422328232;0.9808062395776718;0.9162672594286454;0.01291778777783313
2025-06-12 00:00:00-04:00;199.1999969482422;43904600;202.64700012207032;0.2112879422097349;0.002112879422097349;1.0021128794220973;0.9182032216662336;0.012975457691426167
2025-06-13 00:00:00-04:00;196.4499969482422;51447300;201.89700012207032;-1.3805221095031082;-0.013805221095031081;0.9861947789049689;0.9055272231809613;0.013194118504266949
2025-06-16 00:00:00-04:00;198.4199981689453;43020700;201.25500030517577;1.0028003315378786;0.010028003315378786;1.0100280033153788;0.9146078531771857;0.01353325775003953
2025-06-17 00:00:00-04:00;195.63999938964844;38856200;200.59800033569337;-1.4010678383989483;-0.014010678383989483;0.9859893216160105;0.9017935766988491;0.013619341201205356
2025-06-18 00:00:00-04:00;196.5800018310547;45394700;200.08400039672853;0.48047559003212037;0.004804755900321204;1.0048047559003213;0.9061264747073646;0.01365234852560999
2025-06-20 00:00:00-04:00;201.0;96813500;200.02950057983398;2.2484475164182567;0.022484475164182567;1.0224844751641826;0.9265002529235307;0.013832116856300921
2025-06-23 00:00:00-04:00;201.5;55814300;200.0365005493164;0.24875621890547264;0.0024875621890547263;1.0024875621890548;0.9288049799208529;0.013819682552153831
2025-06-24 00:00:00-04:00;200.3000030517578;54064000;200.28800048828126;-0.595531984239299;-0.00595531984239299;0.994044680157607;0.9232736491942168;0.011951291656524197
2025-06-25 00:00:00-04:00;201.55999755859375;39525700;200.3555000305176;0.629053663324385;0.00629053663324385;1.0062905366332437;0.9290815359069817;0.01062836341503189
2025-06-26 00:00:00-04:00;201.0;50799100;200.3845001220703;-0.2778316954637579;-0.002778316954637579;0.9972216830453624;0.9265002529235307;0.010650301843965619
2025-06-27 00:00:00-04:00;201.0800018310547;73188600;200.44100036621094;0.039801905997356966;0.0003980190599735697;1.0003980190599735;0.9268690176832645;0.010633473024984718
2025-06-30 00:00:00-04:00;205.1699981689453;91912800;200.65699996948243;2.034014472173616;0.02034014472173616;1.0203401447217362;0.9457216676410355;0.011513454909287674
2025-07-01 00:00:00-04:00;207.82000732421875;78788900;200.96300048828124;1.2916163079025387;0.012916163079025387;1.0129161630790253;0.9579367629276548;0.011796962228719279
2025-07-02 00:00:00-04:00;212.44000244140625;67941800;201.4215003967285;2.2230752354752226;0.022230752354752224;1.0222307523547522;0.9792324178758125;0.01261214453176532
2025-07-03 00:00:00-04:00;213.5500030517578;34955800;201.95800018310547;0.5225007520218398;0.005225007520218398;1.0052250075202185;0.9843489146232554;0.012582172114820435
2025-07-07 00:00:00-04:00;209.9499969482422;50229000;202.42399978637695;-1.685790705722021;-0.01685790705722021;0.9831420929427798;0.9677548521086609;0.012989595078045006
2025-07-08 00:00:00-04:00;210.00999450683594;42848900;202.72849960327147;0.028577070476710157;0.0002857707047671016;1.0002857707047672;0.9680314080947898;0.012565370609333704
2025-07-09 00:00:00-04:00;211.13999938964844;48749400;203.2129997253418;0.5380719548448528;0.005380719548448528;1.0053807195484485;0.9732401136158376;0.012167002481976141
2025-07-10 00:00:00-04:00;212.41000366210938;44443600;203.7;0.6014986625614256;0.006014986625614256;1.0060149866256143;0.9790941398827482;0.012166359630737715
2025-07-11 00:00:00-04:00;211.16000366210938;39765800;204.31900024414062;-0.5884845244805108;-0.005884845244805108;0.9941151547551949;0.9733323223894426;0.011251543005951294
2025-07-14 00:00:00-04:00;208.6199951171875;38840100;204.79000015258788;-1.2028833590031116;-0.012028833590031117;0.9879711664099688;0.9616242698556214;0.011749224642142155
2025-07-15 00:00:00-04:00;209.11000061035156;42296300;205.42300033569336;0.23487944810314712;0.002348794481031471;1.0023487944810314;0.9638829276334842;0.011116343072376356
2025-07-16 00:00:00-04:00;210.16000366210938;47490500;206.01000061035157;0.5021295245053116;0.005021295245053116;1.005021295245053;0.9687228683947979;0.011010020365935633
2025-07-17 00:00:00-04:00;210.02000427246094;48068100;206.7290008544922;-0.06661562010320737;-0.0006661562010320738;0.999333843798968;0.9680775476489352;0.010311162729050376
2025-07-18 00:00:00-04:00;211.17999267578125;48974600;207.45900039672853;0.5523228167424702;0.005523228167424702;1.0055232281674247;0.9734244608283612;0.010316820401264498
2025-07-21 00:00:00-04:00;212.47999572753906;51377400;208.03300018310546;0.6155900638530994;0.006155900638530994;1.006155900638531;0.9794167650883362;0.009347513634115968
2025-07-22 00:00:00-04:00;214.39999389648438;46404100;208.6779998779297;0.9036136142469179;0.009036136142469179;1.0090361361424691;0.9882669083178911;0.009449307262758878
2025-07-23 00:00:00-04:00;214.14999389648438;46989300;209.37049942016603;-0.11660448093142384;-0.0011660448093142384;0.9988339551906857;0.98711454481923;0.009265314952090634
2025-07-24 00:00:00-04:00;213.75999450683594;46022600;209.98049926757812;-0.18211505989440047;-0.0018211505989440047;0.998178849401056;0.985316860574706;0.009309068254653052
2025-07-25 00:00:00-04:00;213.8800048828125;40219700;210.62449951171874;0.056142580024591375;0.0005614258002459138;1.000561425800246;0.98587004288165;0.009229886452876668
